[Walking Config]
x_offset=5.000000
y_offset=20.000000
z_offset=20.000000
roll_offset=0.000000
pitch_offset=-10.000000
yaw_offset=0.000000
hip_pitch_offset=3.600000
period_time=907.000000
dsp_ratio=0.320000
step_forward_back_ratio=0.250000
foot_height=30.000000
swing_right_left=25.000000
swing_top_down=2.000000
pelvis_offset=0.100000
arm_swing_gain=1.800000
balance_knee_gain=0.075000
balance_ankle_pitch_gain=0.075000
balance_hip_roll_gain=0.070000
balance_ankle_roll_gain=0.070000
balance_angle_smooth_gain=0.950000
balance_angle_gain=0.070000
lean_fb_gain=0.000000
lean_fb_accel_gain=0.000000
lean_turn_gain=0.000000
start_step_factor=0.000000
