[Walking Config]
x_offset=-10.000000
y_offset=1.000000
z_offset=30.000000
roll_offset=-0.000000
pitch_offset=-0.000000
yaw_offset=0.000000
hip_pitch_offset=12.500000
period_time=581.000000
dsp_ratio=0.330000
step_forward_back_ratio=0.250000
foot_height=36.000000
swing_right_left=10.600000
swing_top_down=5.000000
pelvis_offset=3.000000
arm_swing_gain=1.500000
balance_knee_gain=0.035000
balance_ankle_pitch_gain=0.035000
balance_hip_roll_gain=0.070000
balance_ankle_roll_gain=0.070000
balance_angle_smooth_gain=0.030000
balance_angle_gain=0.030000
lean_fb_gain=0.000000
lean_fb_accel_gain=0.000000
lean_turn_gain=0.000000
start_step_factor=0.000000
p_gain=32
i_gain=0
d_gain=0

[Offset]
ID_01=0
ID_02=0
ID_03=0
ID_04=0
ID_05=0
ID_06=0
ID_07=0
ID_08=0
ID_09=0
ID_10=0
ID_11=0
ID_12=0
ID_13=0
ID_14=0
ID_15=0
ID_16=0
ID_17=0
ID_18=0
ID_19=0
ID_20=0

[Offset_angle]
acc_smooth_decay=0.010000
acc_gain=0.010000
