[Walking Config]		
x_offset=-10.000000		
y_offset=10.000000		
z_offset=30.000000		
roll_offset=-0.000000		
pitch_offset=-0.000000		
yaw_offset=0.000000		
hip_pitch_offset=12.700000
period_time=581.000000		
dsp_ratio=0.330000
step_forward_back_ratio=0.250000
foot_height=36.000000		
swing_right_left=10.600000		
swing_top_down=5.000000		
pelvis_offset=3.000000		
arm_swing_gain=1.500000		
balance_knee_gain=0.035000		
balance_ankle_pitch_gain=0.035000		
balance_hip_roll_gain=0.070000
balance_ankle_roll_gain=0.070000
balance_angle_smooth_gain=0.030000
balance_angle_gain=0.030000		
lean_fb_gain=0.000000		
lean_fb_accel_gain=0.000000		
lean_turn_gain=0.000000		
start_step_factor=0.000000		
p_gain=32		
i_gain=0		
d_gain=0
